1344888201299652609	1139410460493541381	1957	6727	0	74	12	59	8664	
1344888205481553920	911277782474293248	2586	12067	0	59	768	649	11029	
1344888205485735936	1114633261823799297	2025	1470	0	78	13	87	175	
1344888218093834240	225797467	5062	188767	0	31	17770	8369	47023	
1344888226457161730	342460807	4837	24068	0	72	2363	1184	12890	
1344888230647271426	1206915300496564224	1770	1061	0	125	8	31	2405	
1344888239065243649	269442830	4964	6676	0	63	22042	1513	46277	
1344888239069360131	1291993491497598976	1536	1519	0	59	335	541	1440	
1344888243259465729	937999581983531008	2512	1074	3	90	22	168	452	
1344888255817269250	1220145964855332865	1734	416	0	104	87	484	31213	
1344888260015710209	2881675922	3646	20895	0	104	330	245	87628	
1344888272615518209	401730666	4740	102591	0	59	1612	872	125162	
1344888272623869952	1031913199	4320	99823	0	102	197	149	39378	
1344888272586158080	500743574	4624	7070	0	139	144	207	6640	
1344888293570199552	1022481486333632512	2279	3970	0	76	444	842	43050	
1344888297777102850	1255784369119047681	1636	19148	0	86	366	777	5115	
1344888297772863488	841798543	4411	13765	0	139	1853	2371	97424	
1344888301950435332	397833106	4746	1625	0	125	825	676	31225	
1344888306140663809	2453319961	3838	88336	0	95	66	780	47105	
1344888310351556609	1320692585724141575	1456	988	0	76	99	283	1726	
1344888310338965504	1289915912129335296	1541	11058	2	139	95	130	3048	
1344888318744358913	3579881238	3324	81397	10	140	97	655	258785	
1344888322955636737	2547183865	3792	18635	0	140	307	442	6124	
1344888331306377216	59008461	5571	17564	0	139	155	345	9878	
1344888339711860736	4597705033	3230	12328	0	130	378	352	7000	
1344888348096090112	1010027940	4330	45716	0	130	257	277	21504	
1344888352282005505	1197874922510409728	1795	315	0	61	6	124	22683	
1344888356476497920	875473277220773888	2685	39300	0	87	437	3095	23591	
1344888373270474752	3973991135	3293	130889	0	102	451	438	46086	
1344888381642321920	34337137	5661	5952	0	63	414	910	10403	
1344888385836523522	1944521316	4032	1113	0	67	61	45	912	
1344888385865830402	1084675472019976192	2108	4154	0	140	99	399	2376	
1344888390064324614	950000511817695232	2479	6391	0	76	7	384	27011	
1344888394242011136	828485330290499584	2815	420	0	130	66	79	307	
1344888411019067392	1274343949046431745	1584	1749	1	107	12	61	716	
1344888411006464003	1216658695	4257	16137	0	68	470	693	15263	
1344888411006636033	1308245330014674944	1491	11400	0	140	87	822	9637	
1344888415213424640	250102770	5002	313	0	76	6190	41	37875	
1344888419390902273	4916628460	3171	16499	0	42	187	1274	19574	
1344888423606349828	996091999894822912	2352	5193	0	72	234	217	1715	
1344888431969665024	1125791622803836929	1994	12741	0	85	212	351	9686	
1344888440387616768	862319374975213569	2721	29071	0	68	105	117	11088	
1344888440383422464	1215225484264345601	1748	78602	0	140	264	580	51420	
1344888448759390208	839883582944403456	2783	353835	0	104	128	876	239366	
1344888452962250753	2616031244	3756	2903	0	82	304	344	24560	
1344888457160626178	1155506270620676096	1912	3461	0	135	993	97	4181	
1344888461363474432	720372631090769921	3113	1065	1	40	104	269	639	
1344888461329903616	183978330	5168	327	0	102	811	436	26301	
1344888465536610304	2149461768	4017	0	0	26	128	38	59285	
1344888473916854272	16448944	5871	19151	0	63	715	609	54256	
1344888482322329600	1156254956942516224	1910	165774	0	76	596	1656	72192	
1344888486512500736	1312532677564694529	1479	3647	0	23	729	1075	5184	
1344888486524977157	1379010823	4198	33878	0	140	197	292	69138	
1344888490719281152	1161119379146174464	1897	5469	0	140	287	137	5798	
1344888494888370183	1118730818526908417	2014	4174	0	59	78	119	4515	
1344888499103645697	99947907	5411	260	0	102	913	272	45593	
1344888499112206336	1073996360582684672	2137	235	0	125	1	10	12	
1344888499116261376	1275749404134146049	1580	93284	0	95	1380	1863	28363	
1344888499107893249	713962741589872645	3131	1012	1	107	6	103	132923	
1344888511665561601	1267809901461422080	1602	2352	1	140	303	438	2746	
1344888515881000961	2282970909	3933	18949	2	128	24	1094	4541	
1344888520054169600	1099014201652195330	2068	10765	0	139	1634	2812	110326	
1344888545228439578	1154749655781036033	1914	2384	0	76	41	327	1446	
1344888557802930178	1188272523613360128	1822	53057	0	67	697	1169	29006	
1344888562014011393	1277436127708712961	1576	2469	0	135	1330	1328	24993	
1344888566200098817	4704732313	3214	44780	0	139	869	951	12026	
1344888570390208513	179822642	5179	158429	0	140	525	4402	94641	
1344888574580117504	49871517	5600	41191	0	23	517	238	206730	
1344888574597091328	2918019432	3610	62223	0	104	309	693	9518	
1344888574580285441	847813451481264129	2761	98081	1	90	1632	1797	26339	
1344888574605463552	160346441	5230	181714	0	91	237	571	88666	
1344888578803953670	1532532936	4142	40482	0	92	352	1095	7184	
1344888587184087041	1330099302291660804	1431	423	0	117	4	183	263	
1344888591353311233	153578857	5249	131175	0	59	585	269	108702	
1344888599750307840	1261685474328018946	1619	3165	0	140	7492	4947	7405	
1344888599754534914	1206302885144907776	1772	1104	0	140	7	61	719	
1344888599758692353	701803138047725568	3164	1814	0	104	841	836	1451	
1344888599754358785	1564360914	4129	2762	0	59	245	626	17158	
1344888612337328130	564720643	4560	81304	2	128	281	273	54729	
1344888616519151617	701276662835638273	3166	19020	0	112	185	228	3274	
1344888624928718849	2148979706	4017	5462	0	23	523	1013	5030	
1344888629131284481	1220997139	4256	22	1	90	139	157	3864	
1344888645900144640	1255903826621562880	1635	4253	0	140	436	503	2351	
1344888650098565122	2923356223	3605	1008	0	125	40	279	153972	
1344888662669012992	2780718148	3682	11922	0	140	319	578	13635	
1344888662656487424	223596388	5068	61166	2	128	439	433	145067	
1344888683636383744	1245539753342242816	1664	12487	0	59	40	125	5624	
1344888692024999941	1928813258	4037	10920	0	62	74	463	3566	
1344888692020629512	2401308596	3868	10777	0	88	540	738	103633	
1344888696227602439	1305505733920911365	1498	10580	0	139	134	359	742	
1344888696231710720	1249067174100000768	1654	12059	0	76	3206	3143	22500	
1344888700426018816	1253226273456840713	1643	5957	0	88	162	150	7866	
1344888704603746307	479974729	4647	2568	0	82	674	612	40823	
1344888704628756480	927710384	4368	13740	0	61	83	2488	174042	
1344888704616202240	1121778511935492096	2005	3696	0	59	551	1626	5600	
1344888721397542912	870296033116340224	2699	841	0	114	67	150	9941	
1344888733993033729	1297411303296733185	1521	10064	0	139	255	437	4366	
1344888742360788992	1101718025630302209	2061	20720	1	90	4	31	13838	
1344888750745251841	1025385976233959426	2271	34878	0	68	233	286	14739	
1344888750749462530	852315252280532992	2749	66172	0	102	1055	1795	25244	
1344888750745128960	1282673392945172480	1561	36422	0	135	387	869	12081	
1344888759146467330	336263077	4847	316904	0	59	615	1848	162072	
1344888759150665730	1238471680302944257	1683	12620	1	140	3318	3588	16571	
1344888767526490113	1201755525441970176	1785	99474	0	76	602	881	37736	
1344888771733409792	1110377585567907842	2037	4545	0	125	113	200	3397	
1344888771746144256	2851097423	3645	8361	0	32	223	389	7398	
1344888784328900613	15554853	5935	145	0	63	129	601	525	
1344888796886695939	783473570424893440	2939	14128	0	102	110	314	2344	
1344888805262848002	243439964	5017	1948	0	24	792	265	78839	
1344888809469652994	3314448448	3423	23728	0	65	498	317	57867	
1344888817870802950	1214067862299541505	1751	7976	2	140	1558	1552	14707	
1344888822065074177	3476285952	3333	51473	0	140	964	890	127928	
1344888822077612038	1344637297308749830	1390	7	0	140	1	4	468	
1344888830432739328	990074502842216448	2369	6696	2	128	38	547	5308	
1344888830432829440	733897014438682624	3076	6052	0	139	1579	3282	1826	
1344888838825639936	375051073	4783	125712	0	91	959	940	37871	
1344888864004042755	956261407053504512	2462	22196	0	92	5137	4491	8268	
1344888863995486208	713167988233375745	3133	6030	1	140	36	77	18609	
1344888864012288000	1198788098798149632	1793	550	0	140	1	29	199	
1344888868198182912	1334138123928780801	1419	1183	1	99	15	902	4197	
1344888868214980610	2337532592	3906	29086	0	77	257	208	33904	
1344888872379904000	1097041628785602561	2074	21987	0	140	439	907	17795	
1344888876595253251	1303925996832268288	1503	5015	0	95	301	437	8437	
1344888880789553153	1249067174100000768	1654	12061	0	140	3206	3143	22504	
1344888897550102529	1164734025174573057	1887	5059	0	53	38	156	2331	
1344888901731819520	982154087029399553	2391	29872	0	82	160	126	23050	
1344888914344087552	2886462227	3623	878	0	43	537	563	658	
1344888914335580163	61386842	5563	10222	0	140	120	780	7239	
1344888918529884165	949520203888476160	2481	10515	0	59	64	58	740	
1344888918508851200	820926332154494976	2836	2567	0	88	157	260	26580	
1344888918546649090	3233305214	3430	598	1	140	293	316	135055	
1344888931112919041	1115635003814174722	2022	60345	0	125	864	691	58815	
1344888935324016641	1052413047669710848	2197	43067	0	76	166	179	23153	
1344888935311319042	450970611	4679	242481	0	139	1145	897	115772	
1344888939480457222	1159059557924163584	1902	27013	0	92	1770	2259	6671	
1344888943708278785	2676254651	3761	3310	0	92	524	426	2086	
1344888964646395906	81668482	5489	12302	0	51	19520	2879	125707	
1344888964654784513	1054401430990307328	2191	6163	0	67	162	167	1373	
1344888968861478913	1121684014052458497	2006	79157	0	74	470	974	18689	
1344888973072601089	1270515784578523136	1595	5440	0	140	1056	1116	10984	
1344888973068439553	1111909092103086081	2033	51482	1	90	386	454	6116	
1344888981448773633	1182878942409252864	1837	2800	0	51	39	65	287	
1344888981452779520	1132117303053750272	1977	29594	0	82	246	244	12642	
1344888985622085635	1283931374517456896	1558	3684	0	42	45	136	3084	
1344888989845745665	281187491	4941	41192	0	88	132	1869	32960	
1344888994023301126	1491318715	4154	14799	0	64	138	514	1731	
1344889002411790336	2586999451	3772	12259	0	140	157	190	3455	
1344889010796122116	566777639	4558	8615	1	90	266	308	247678	
1344889015011577857	161788931	5226	33489	0	82	7962	6924	13203	
1344889019193200640	110661046	5376	2307	3	140	557	916	28140	
1344889031755264000	884129900617240578	2661	4692	0	139	100281	1762	723706	
1344889035957927937	708448405962559489	3146	124741	0	139	3900	4996	175416	
1344889040156336128	1040246042065657857	2230	12367	0	125	708	692	4563	
1344889044342370305	35544704	5657	44143	0	76	630	531	127671	
1344889048532451328	1523889631	4145	20819	0	46	1064	835	72337	
1344889061148925954	734090313288036352	3075	9664	0	51	24	101	3354	
1344889073727635456	552391562	4575	5348	0	24	6198	277	4360	
1344889073731842048	500309003	4625	25556	0	46	4054	3815	193326	
1344889073736036352	1329032484798033920	1433	2198	0	139	424	1600	8493	
1344889077913382912	1241217900179943424	1676	697	0	139	2	2	379	
1344889082086756352	864706398470365185	2715	114956	3	134	396	1536	16442	
1344889090508873728	1137709746721501184	1961	2824	0	125	8	46	1055	
1344889094678007811	2175831854	4004	17618	0	86	118	690	142959	
1344889094669627392	837401636712566785	2790	70747	0	64	1377	1233	32660	
1344889103079403521	3025313046	3534	5017	0	51	1083	130	6136	
1344889107252613121	1250792526849536000	1649	3509	1	90	824	842	6902	
1344889115674894337	1039851937	4316	2804	0	61	45	253	2935	
1344889115645394944	261561811	4979	62111	0	76	1538	1493	65758	
1344889124054999042	1117736943893135360	2017	48736	3	140	721	1213	47718	
1344889128253599745	2293461078	3932	2439	0	51	253	360	1384	
1344889145005494272	1325686955263188992	1443	5436	0	88	3	122	3113	
1344889145022324738	1284338866216824834	1557	4744	10	140	11	9	1556	
1344889149212471296	867568178024652800	2707	331842	0	70	4349	692	127624	
1344889149208326144	32230036	5667	83155	0	84	4080	4954	57084	
1344889149233328131	358625055	4812	316	10	140	315	309	93615	
1344889153390055424	3130905451	3490	6690	0	63	84	588	582	
1344889153406730242	1011156797221101568	2311	1330	1	140	39	46	1404	
1344889157609406468	1211086835285254144	1759	1724	0	76	44	270	6762	
1344889170183868417	764004973969412097	2993	18981	0	82	91	298	2325	
1344889170175479809	4731209658	3209	499435	0	139	5238	5775	154352	
1344889186965282817	1310612480784134145	1484	4330	0	135	381	434	3650	
1344889191138799616	1128072296080523267	1988	46569	0	67	298	496	19704	
1344889195349872640	807422311	4428	75825	0	104	809	967	47931	
1344889203729944578	883512167395336192	2663	5341	0	82	100	77	7013	
1344889203725746176	981427588374716417	2393	2356	1	140	584	577	14069	
1344889212110180358	1062175375982125057	2170	7763	0	91	169	222	9753	
1344889212143734785	1261695168043868162	1619	85839	1	140	928	1430	95150	
1344889212118519809	1223600530380881920	1724	1435	1	90	1	71	317	
1344889212143771653	1050037431578161153	2203	3298	0	140	6	154	7753	
1344889212147957762	1232432597059268608	1700	13710	0	125	1449	1453	14656	
1344889220515713025	882310142745858048	2666	11815	0	51	163	224	7265	
1344889220511399936	1201555116404330496	1785	28954	0	61	114	514	19404	
1344889224714190848	1019467137998622720	2288	43757	0	85	164	213	26087	
1344889228925181952	1075687075641323520	2133	4763	0	140	41	127	11443	
1344889233085874183	968492287385780224	2428	7517	0	88	219	1014	93298	
1344889233094438912	249452591	5004	240010	0	84	7965	8392	169859	
1344889237284343808	1544569250	4137	102703	0	80	105	200	7817	
1344889237305364480	2324596776	3914	22308	0	91	514	239	128719	
1344889241495547904	4262853737	3255	20568	0	46	591	277	24333	
1344889245673136129	565798787	4559	18078	0	102	2184	1008	331822	
1344889254074343427	929996334437978112	2535	11690	0	67	786	315	6957	
1344889266640400384	22045022	5716	2015	0	63	227	663	6977	
1344889275041636353	1268483379437211649	1601	728	0	83	68	224	600	
1344889275041517576	1290879032410570752	1539	18395	3	140	25	52	11652	
1344889291835494400	726938499476164609	3095	31162	0	140	214	228	11330	
1344889296008982530	17057792	5836	9419	0	24	8862	1756	119399	
1344889296004796416	1325902359361433601	1442	13688	0	140	146	579	6863	
1344889296034156544	1066426919523098624	2158	24558	0	139	2486	3882	17889	
1344889296021561349	1452674802	4169	13590	0	104	487	356	34029	
1344889300215877632	274982273	4953	8533	0	73	22259	12324	39580	
1344889304401596418	975307906622029824	2410	8949	0	74	22	117	14225	
1344889308583522304	895026058881380352	2631	3319	0	51	75	142	480	
1344889308595961859	1155556302535270400	1912	16512	0	117	91	90	7695	
1344889308604366848	1145344417273798661	1940	53893	0	86	356	562	25927	
1344889312798789632	2160258116	4012	7808	0	51	265	253	10110	
1344889312798715909	1255888185055490048	1635	50258	0	82	1328	1536	10861	
1344889325364756481	2351486138	3898	1117	0	137	133	1059	3954	
1344889337972985861	525676572	4603	68617	0	140	523	1957	71806	
1344889346365685760	1396353697	4191	776	0	139	1988	1537	92712	
1344889350539001856	4801971776	3195	64333	5	130	39	598	66805	
1344889354745995264	242520139	5019	1477	0	64	173	193	17934	
1344889354754392064	709270236286078976	3144	26832	0	112	258	466	26980	
1344889358910939136	1408324652	4186	9254	0	102	287	330	5470	
1344889358948720640	2701094838	3733	123892	0	46	540	420	12680	
1344889367303745538	2809342053	3669	13481	0	140	26	89	486	
1344889371531612160	695768824499539968	3181	3373	0	63	177	900	2177	
1344889371531509762	108239214	5384	14510	0	139	162	470	53367	
1344889384076627969	531205091	4598	19198	0	76	105	1328	72703	
1344889388271079426	945344556039659520	2492	25155	0	69	5	568	21745	
1344889388304539648	1268377679780171784	1601	438	1	107	4402	3692	27092	
1344889405069254657	202385192	5122	30430	0	46	3169	2848	53608	
1344889409246736384	119179612	5347	6918	0	46	591	407	40901	
1344889409280172032	437669705	4694	21246	0	102	213	144	30614	
1344889413445140484	728440460251824128	3091	7774	0	137	426	2235	17046	
1344889421859086337	1123966082677727232	1999	50222	3	134	4759	5009	34761	
1344889426044981255	731150184139235328	3083	31719	0	76	294	780	16179	
1344889434416717827	1305570085277368321	1498	19776	0	140	1132	1342	20342	
1344889434421030912	1067595791211085826	2155	18957	0	64	153	353	6435	
1344889438615326720	843610781916839937	2773	314323	0	140	1278	2128	190478	
1344889442822098946	2600032578	3764	138540	0	104	547	642	462394	
1344889447008055298	1331877314028834816	1426	320	0	92	27	155	121	
1344889447012327424	1320923137538740224	1456	471	0	59	139	320	1563	
1344889455392542720	1288947786306682881	1544	27569	0	67	336	1162	5006	
1344889455396626433	1282325889187868672	1562	7266	0	140	635	890	16071	
1344889459574255617	944712963084242944	2494	2718	0	112	67	290	4715	
1344889463781134336	1152072088724762624	1922	28743	0	104	620	480	10038	
1344889463789350913	1145989610125660160	1939	18928	1	90	568	564	13220	
1344889472173834240	261057000	4980	2180	1	127	595	527	27349	
1344889476359680000	1317642215800229889	1465	19345	0	135	334	629	8741	
1344889480574996483	1127060928	4285	14755	0	102	111	447	5698	
1344889488972120064	22137303	5715	15562	0	139	124	242	10127	
1344889493128699906	996957945937235969	2350	890	0	137	14	232	838	
1344889493145399297	767036917	4447	34285	0	42	677	383	78931	
1344889493132873729	792187016301518850	2915	192465	0	139	5491	5292	81468	
1344889514116980736	888565146997706752	2649	4944	0	69	45	217	1708	
1344889518294401026	2175038022	4004	8255	0	84	307	225	18679	
1344889518332239872	1199822787470413824	1790	17994	0	67	56	468	6156	
1344889530894090240	25956360	5692	138060	0	104	609	470	24005	
1344889539278626821	1190232397306122242	1816	26432	2	140	4148	4297	29584	
1344889547671429120	1329068661705994240	1433	13651	0	84	196	966	12601	
1344889551869906944	23196051	5707	103731	0	41	18095	15185	463116	
1344889551853125633	1165103404206764032	1886	23930	0	139	74	43	592	
1344889556043137025	2889693600	3639	9705	0	59	857	582	10073	
1344889560258363392	965136402001289216	2438	60145	1	90	39	122	33030	
1344889564452638720	2384369214	3877	43641	0	140	2043	2267	88869	
1344889572824645632	763877159693758465	2993	31982	0	76	58	392	14476	
1344889572824674304	1266848521766010881	1605	2032	0	139	329	310	1979	
1344889572820283393	1011505113523892224	2310	45333	0	95	594	566	19580	
1344889572828852224	616705113	4503	60403	2	97	180	537	13056	
1344889572824473601	789728588958306304	2922	14854	0	135	181	395	5804	
1344889577014751234	419377283	4717	36000	0	139	488	1043	41934	
1344889581225738242	1118385201539899392	2015	24498	0	135	400	704	11132	
1344889589610246144	1296458595157123073	1523	3077	0	140	9	43	3126	
1344889593821356032	1212912783685115904	1754	86351	0	130	734	1452	47163	
1344889602197229568	1296728362031828998	1523	1616	0	59	712	864	1566	
1344889610569191426	1071929273253093376	2143	5279	0	70	105	146	3435	
1344889614775975942	378449983	4778	7317	0	76	1440	364	343668	
1344889631553196032	72929557	5521	7160	0	76	2033	205	213304	
1344889635768512512	955930203418701826	2463	11776	0	85	35	170	3219	
1344889635747598336	2569852736	3781	11447	0	67	1783	1089	30956	
1344889648347115520	1321972900530827264	1453	53	0	140	33	34	110	
1344889652545667072	808430429220913152	2870	5854	0	67	94	215	3773	
1344889656723333120	1264027475559972865	1613	12085	0	139	205	458	2889	
1344889656706359298	1271638798019911683	1592	10759	0	139	1261	1366	11508	
1344889665095041024	809813972014641152	2866	44530	0	91	59	601	8153	
1344889665099206657	1305912568469356545	1497	3290	0	117	17	188	389	
1344889669318627328	987187661294092288	2377	63197	0	65	145	586	83162	
1344889681884770304	337004139	4846	35158	0	85	2930	266	13281	
1344889681901715458	792157423649775617	2915	4904	1	90	5	49	2106	
1344889690265104384	1054488945659207680	2191	11659	0	140	64	211	272	
1344889694492962816	304844408	4899	3305	0	72	409	440	4537	
1344889707059142657	827541813883965441	2817	125164	0	84	3566	4500	144230	
1344889711236669440	954368777554223104	2467	43903	0	84	1514	2269	16759	
1344889728034770944	2267601191	3940	3589	0	140	1049	52	56274	
1344889736406601732	1296297646492012545	1524	3661	1	99	718	2889	11063	
1344889753196347394	864962672340615168	2714	6519	0	70	311	280	2091	
1344889753196347392	852335527034470401	2749	17463	0	140	1082	994	6168	
1344889769965154310	435720788	4696	10077	0	139	84	276	125196	
1344889774155337735	723909367070756873	3103	13584	0	65	87	449	9875	
1344889778358120450	317081758	4878	40121	3	140	706	678	38635	
1344889782569062401	38623937	5646	5195	1	135	2122	4348	47507	
1344889786742558721	726796098824736768	3095	20807	0	85	2529	2336	22093	
1344889786734174208	2222560033	3979	49484	0	51	332	418	3340	
1344889799350616065	1136756934906994691	1964	22100	0	140	521	368	2806	
1344889807701504000	2293860404	3932	22102	0	77	1220	1118	47596	
1344889807709888514	875786928079196161	2684	66057	0	140	3221	4946	72460	
1344889820322136068	2186528931	3990	16352	0	62	239	322	2384	
1344889824503881728	2624685454	3777	2739	0	63	8	352	124	
1344889824503685126	4312917740	3257	493	0	139	43	110	33744	
1344889832900866049	707730938864635904	3148	18105	0	117	103	110	83	
1344889832888127488	1316675370934960128	1468	109	0	139	7	105	1496	
1344889837086797826	742185591102525440	3053	6002	0	125	19	19	2562	
1344889841280897024	1315523447296978944	1471	7223	0	137	134	2503	13030	
1344889841276710914	1321093994835857408	1455	1625	1	135	402	1344	8354	
1344889845475205121	1078750998	4302	2754	0	140	105	501	32803	
1344889845471055872	572382647	4552	27876	0	76	2940	230	192955	
1344889849673760768	2365629218	3888	143673	0	125	860	557	240991	
1344889862235668483	1615680973	4108	221	1	135	2557	1406	6577	
1344889870632669184	1291137848184209409	1538	1045	0	139	1	51	2903	
1344889874848092165	1343958075473092609	1392	347	0	140	5	167	151	
1344889879025438721	1977676872	4019	283	0	140	718	1558	28591	
1344889879029837826	1268182656644194304	1601	11901	1	135	1088	2604	23281	
1344889883232358401	4011959773	3285	54507	3	140	80	422	17363	
1344889895819517952	754216909420138496	3020	84321	0	88	43	332	32067	
1344889900005347328	1336298820720705542	1413	1686	1	107	78	104	1705	
1344889912592515075	1296290341834776576	1524	5010	1	99	78	1682	9335	
1344889916757577733	1420615711	4181	67977	0	68	121	136	20494	
1344889920951824385	1194106542364200960	1806	4312	0	85	77	156	3088	
1344889929336115201	1320969986748207106	1456	2799	3	134	16	93	906	
1344889946126102528	1217987596665618432	1740	3071	0	51	173	305	1283	
1344889950312030208	2453884199	3856	25925	0	62	2687	1125	71389	
1344889962890747904	4614296793	3222	8819	0	84	1574	1899	3125	
1344889962903191553	117430181	5352	9014	3	140	294	284	76119	
1344889962890723329	4064609061	3281	1433	0	140	97	81	9378	
1344889962919936001	906178039830032384	2600	6425	0	104	12	139	20039	
1344889967106002944	125364997	5327	9778	0	140	63	194	4852	
1344889971283349505	81296132	5491	105839	0	144	635	4995	17961	
1344889975507185669	132645775	5305	5317	0	59	103	209	40576	
1344889979676155905	863940234383429632	2717	900	1	135	32	193	283	
1344889996474544130	1290134645519134720	1541	102	0	87	11	46	51	
1344889996482732032	705333558131314688	3155	7266	0	95	1370	1102	251236	
1344890021640351744	2597508530	3766	9225	0	25	1482	958	7608	
1344890021615185922	615725415	4504	9965	4	140	3368	3613	14915	
1344890025838837762	138874889	5288	6382	0	82	670	295	7793	
1344890034214690816	1333566060025376770	1421	908	0	26	2	38	162	
1344890038421573634	2264107343	3942	4463	0	102	310	685	1131	
1344890046801993729	234803298	5037	2030	0	59	160	446	1112	
1344890046801825795	95395022	5432	2959	0	91	614	298	287752	
1344890046814404608	974146237560537090	2413	6858	0	76	2	43	1557	
1344890050983563264	1247596151559221250	1658	5478	0	140	3251	3141	26501	
1344890055169630209	1050265087225815040	2203	203168	1	73	117	936	73680	
1344890059368095744	3524469801	3337	2220	0	59	67	100	2112	
1344890084546334722	441197143	4690	384	0	61	254	380	10470	
1344890084533956611	1236522424356782081	1689	2477	0	77	57	73	1649	
1344890084554928129	4709314532	3213	19628	0	72	86	187	16995	
1344890088723894278	1325436490231369729	1443	1145	0	63	6	46	187	
1344890088740839425	1635157651	4101	11149	0	80	471	767	92418	
1344890092926640130	1301138841776996352	1510	10320	1	135	172	1039	8894	
1344890097125249026	1226937000365875200	1715	13569	2	140	1305	1596	10806	
1344890101315342341	359752506	4810	19449	0	59	1363	598	345821	
1344890105501278208	978545694603665408	2401	16856	1	135	192	778	9423	
1344890113898274817	1061841275010408448	2171	23086	0	104	1620	452	29726	
1344890113923321859	1328396683592556544	1435	5042	0	91	358	389	7610	
1344890113923444736	1228769820348502016	1710	2468	0	28	5	74	1725	
1344890118088212482	292408230	4920	3708	0	102	105	129	704	
1344890118084071425	1212279749860446210	1756	9937	0	95	1297	1288	20271	
1344890122311933955	2965852495	3575	59383	0	139	183	1308	102813	
1344890122307653637	1153548840420515840	1918	10476	0	104	178	282	4318	
1344890134869798919	2440824277	3845	230799	0	88	3214	279	120247	
1344890143249821696	1099871528475217920	2066	227	1	135	1609	998	9701	
1344890155841196038	1288696528467443712	1545	155	0	139	350	476	11085	
1344890164233916417	1148079228694306817	1933	52942	0	140	166	1927	18994	
1344890168432447490	1156816618489389056	1909	1052	0	93	1	57	360	
1344890172618391555	1288496899058622464	1545	5328	0	144	51	263	10383	
1344890185205469189	1267095367109107712	1604	2379	0	76	1	26	1192	
1344890189391556609	33420413	5664	28603	0	42	352	758	19928	
1344890193606811648	837768652644630528	2789	37030	0	87	157	392	9789	
1344890193577345024	1233208711138512899	1698	50018	0	91	221	229	25812	
1344890206172762114	1485202969	4156	522862	3	140	485	1312	466800	
1344890214574014464	723539308506800128	3104	11707	0	104	144	117	2827	
1344890214557298688	865413059526901760	2713	118721	0	139	561	590	61601	
1344890222962765824	1016994623863050242	2295	30638	0	59	49	163	7451	
1344890235532967936	956948626739142656	2460	123124	1	90	67	113	31369	
1344890243938398208	1310023030287085568	1486	460	0	52	6	30	34	
1344890269091594241	817473595630821376	2845	0	1	70	1	6	1	
1344890273290043394	1107812246	4292	546	0	102	195	173	2948	
1344890277492756480	1291536162897633280	1537	689	0	86	374	374	635	
1344890294265790464	702706183828692992	3162	10988	0	68	206	546	5550	
1344890319440064513	15469546	5940	14644	0	63	92	235	12395	
1344890319419002880	977780597610364929	2403	128950	0	117	1419	373	212745	
1344890336208801792	848002879856066560	2761	10043	0	65	48	416	5773	
1344890357171978240	1261300539842719747	1620	244	0	104	1756	55	28052	
1344890361366372353	48003882	5605	3150	1	69	164	232	2562	
1344890365552291840	918151815509696512	2567	118266	0	72	1607	1346	29979	
1344890369771786241	939928565029769216	2507	26760	0	140	74	1257	26840	
1344890373936582656	902398451849216000	2611	7241	0	144	36	48	4078	
1344890378135220224	1553820607	4133	16546	0	85	1136	1855	13941	
1344890382329507843	822089424565637121	2832	11743	0	102	184	421	2257	
1344890382346317825	1181043874418089984	1842	54480	1	90	334	871	11721	
1344890382354690048	109400580	5380	11658	1	135	2005	5001	41740	
1344890386544799749	461569495	4667	727	0	63	1142	2022	1031	
1344890386527842304	952085813432496129	2474	1992	0	61	8	233	41599	
1344890394908057600	725268176720687104	3100	173	0	59	329	339	17267	
1344890399135961088	2982731226	3568	4464	0	104	914	73	75608	
1344890403309420544	2285947356	3937	12603	0	51	514	599	25221	
1344890403300937729	524024947	4605	16504	0	125	23	367	16730	
1344890403296829442	336938526	4846	77157	0	140	23458	14548	90732	
1344890411718828032	1142320349201100800	1949	7164	0	81	123	303	1181	
1344890420107513857	2765928909	3695	26410	0	51	401	702	3441	
1344890436863848449	2775873210	3708	14211	0	87	1314	1015	33263	
1344890441074761734	948945554721013762	2482	14181	0	84	104	245	19946	
1344890441041391616	585186034	4538	10736	0	139	1661	2799	51663	
1344890441070731265	1339365171853205504	1405	1220	0	139	9	53	192	
1344890445264900096	1344646375988895744	1390	352	0	140	1	17	224	
1344890462017003522	2907963403	3621	55523	0	68	1096	123	31989	
1344890466223812610	1310009632778145793	1486	5819	0	140	146	216	1877	
1344890487199518723	1320239635826642945	1458	1076	0	84	83	226	504	
1344890495604989953	1725722732	4066	4206	0	65	429	350	433306	
1344890503964340224	1344235274	4211	34522	0	76	613	391	17783	
1344890503980961795	1291761814267547649	1536	1097	1	90	2	85	1494	
1344890508183670784	1112643876131528704	2031	31330	0	139	38	194	9666	
1344890520758194178	105371363	5393	2758	0	65	375	806	577264	
1344890524939866114	1263089715130937344	1615	12639	0	68	1220	1428	21226	
1344890524965117953	1134036467439640576	1972	6894	0	125	264	281	5502	
1344890529125986304	1052751975354392576	2196	101447	1	90	691	817	19933	
1344890533316059137	1107010082175361026	2046	60076	0	92	1662	579	22002	
1344890533353644032	761734195299225601	2999	302643	0	114	331	421	275693	
1344890537539633152	1305885794897330176	1497	1648	1	90	17	112	1853	
1344890541742280704	1070727373417369600	2146	125025	1	90	260	142	108371	
1344890545923973121	1150329803565703169	1927	15674	0	102	358	814	8826	
1344890554325245953	797801472008171520	2899	8298	0	65	85	689	51797	
1344890562705387520	423248962	4712	116200	0	51	531	424	9876	
1344890566874603520	1343770692202844160	1393	0	0	137	1	276	182	
1344890571068989442	158061572	5236	2068	0	43	1555	936	70587	
1344890571064688640	481776377	4645	55954	0	76	3928	2664	206457	
1344890579457429505	2582073518	3774	12784	0	140	102	162	176422	
1344890583656124418	94384984	5436	35288	0	140	1401	2026	9294	
1344890587858821122	2567682768	3782	11101	0	102	52	244	604	
1344890596268277761	1208602796032843776	1766	6722	0	62	47	63	384	
1344890596268277760	66606496	5544	16782	1	90	240	901	333950	
1344890604648607744	769001288	4446	7638	0	130	855	935	11946	
1344890608851161089	1275301187798003712	1582	3296	0	86	876	920	27613	
1344890608851193858	943004669814571008	2499	52215	0	59	184	970	60467	
1344890613024645121	2502210610	3835	136935	0	140	16006	17628	79566	
1344890621429878784	1459708195	4166	22534	0	65	24	404	34175	
1344890625628413954	1574394907	4125	13125	0	77	148	289	15413	
1344890629789163521	367721575	4796	18304	2	128	568	550	13099	
1344890629784891399	980712876565397504	2395	13146	0	104	9	184	15707	
1344890638173523968	792371007084302340	2914	29464	1	90	41	517	24005	
1344890642405576705	877420749597937664	2680	1950	1	135	95	424	2322	
1344890650756411392	957418894142062592	2459	15218	0	62	453	403	5871	
1344890654955085824	265271369	4972	55894	0	63	245	594	8896	
1344890654954987520	2636231636	3753	591	0	95	33	119	12723	
1344890667558969344	1213260334791684096	1753	274	0	30	52	679	588	
1344890675922395136	728316764170248194	3091	76665	0	59	252	552	17985	
1344890680129294338	1038721040149606401	2235	7882	0	125	52	899	12283	
1344890680120729600	935411379091128320	2520	21086	0	114	2801	3222	16003	
1344890688505143297	3191759498	3452	8344	0	139	445	119	89739	
1344890688530501632	1193195307544256512	1808	12179	0	139	31	88	2235	
1344890696897949696	38903374	5644	31465	0	139	126	237	6906	
1344890709476839424	1221459273215025159	1730	3710	0	114	167	210	4172	
1344890709514469382	1111218108390207489	2035	1649	0	140	737	759	8317	
1344890722089103360	1051226355956822017	2200	2311	0	76	101	364	39990	
1344890734672011264	941467788643676160	2503	1191	0	69	4	3	476	
1344890738866352129	1305163125231157256	1499	51413	0	144	136	617	5927	
1344890743052247040	635080781	4483	100267	0	140	698	557	81698	
1344890743035371521	760713767344861184	3002	18887	0	42	28	537	2044	
1344890751436673024	191742524	5149	5958	0	137	106	1181	2428	
1344890751440732160	1169608066532200448	1873	1861	0	112	157	283	626	
1344890755618201600	1331620897858306049	1426	4980	2	91	204	288	1425	
1344890768218083331	932813910515822592	2527	23481	0	67	101	226	2235	
1344890772416385025	1105338247280943104	2051	135956	2	140	73	146	53535	
1344890784974131200	899966851182022658	2617	1734	0	74	9	617	45179	
1344890793379639296	1286147697481785344	1552	1312	0	78	1	44	55	
1344890793375326208	3310933296	3361	67849	0	64	347	369	17738	
1344890793392103424	2386759388	3876	12248	2	128	2849	1401	38453	
1344890801780875264	35643173	5657	5502	0	84	688	729	64707	
1344890805962633216	843461282376437760	2773	11291	0	59	41	694	2233	
1344890805983408134	1148752767785156608	1931	7617	1	99	250	2368	9372	
1344890826955005952	997870078208049153	2347	14117	1	107	406	568	12201	
1344890826955091968	64365861	5552	6539	0	67	1940	739	46071	
1344890831128256512	949834675358322688	2480	13158	3	134	284	383	4206	
1344890839500115969	1106008233963982848	2049	1602	0	140	113	396	85584	
1344890839525277696	40633503	5637	2732	0	139	286	248	94447	
1344890852120932352	1068913939	4305	67098	0	139	885	243	52723	
1344890856306663428	1181817471918936064	1840	50369	0	139	873	669	15366	
1344890860475981830	771734885132369921	2971	7644	1	33	90	266	2847	
1344890864699666433	1264027782708936704	1613	176	0	92	41	50	385	
1344890868872798208	2449949612	3840	2764	0	125	118	456	49783	
1344890868898136065	1311791885510414341	1481	4470	1	90	8	195	2898	
1344890873058914304	86928649	5467	9623	0	140	265	387	10879	
1344890877248999424	1321465005506703361	1454	1597	0	139	2	59	2110	
1344890885662674947	3148655568	3482	167294	0	59	534	1736	74208	
1344890902427406336	1297678068	4229	273	0	27	339	96	40765	
1344890902435811328	1096820817562927104	2074	52169	0	140	1114	1980	56436	
1344890902444191744	812428408735039492	2859	101321	0	139	8925	9705	134446	
1344890915010199553	2696107338	3735	41843	0	104	168	122	20593	
1344890919208722432	1139239496396890114	1957	34808	0	139	3	39	6133	
1344890927618277377	2614171729	3757	2700	0	84	311	375	14410	
1344890948568764416	1296006099657568256	1525	84	0	82	492	528	2734	
1344890948552073217	3029023869	3541	24922	0	61	352	300	121294	
1344890948568940546	1239344346379542529	1681	87	0	114	14	14	1128	
1344890952784121858	1335065651119939584	1417	5370	0	88	422	745	2595	
1344890956965949440	61013133	5564	108886	0	140	4545	4994	169318	
1344890961151754241	1307711058	4226	2851	0	104	171	233	100346	
1344890965337591808	1677506131	4084	223	3	139	77	329	3654	
1344890969552900096	1226704713145442305	1716	490	0	144	3	368	1948	
1344890977933262848	364823152	4801	2278	0	92	791	1154	6965	
1344890977950052352	1079366646752514049	2122	28274	0	139	583	608	21875	
1344890977941651458	1269043262016434176	1599	1205	0	102	15	151	713	
1344890982110736384	1094401728034848768	2081	5974	0	84	566	552	3480	
1344890982114893824	1235853900076339201	1691	25258	0	95	338	466	11858	
1344890986300751874	833131200688447488	2802	1079	0	85	200	188	1363	
1344890994727276544	483426437	4643	40683	0	91	1699	498	241469	
1344890994702102529	1736597022	4063	15514	0	140	1344	5015	14200	
1344891007276613633	1156975016300503045	1908	9297	0	59	59	163	3804	
1344891011466715136	1852157364	4059	48385	0	64	145	475	24468	
1344891011466670081	867897012041248768	2706	17623	0	69	247	341	25446	
1344891015661056001	2929500826	3595	809	0	140	261	290	4339	
1344891019855351813	810485898	4427	5769	0	70	407	367	9252	
1344891019876311042	3303175422	3370	23585	0	85	335	137	72988	
1344891024066420737	20823403	5729	2285	0	51	2165	449	91137	
1344891024049647616	4076445881	3279	85693	0	112	8348	7980	133710	
1344891028264820737	999110330562179072	2344	39658	0	72	2017	3393	41715	
1344891036665933831	103517700	5399	2403	0	76	433	213	151343	
1344891040851845121	468019387	4660	50704	0	87	247	250	22209	
1344891040839430145	1217574069660520448	1741	46557	0	84	1402	2208	31991	
1344891045058727937	284315442	4935	3369	0	140	353	394	23948	
1344891053422219264	1177986669443571712	1850	9654	0	88	1	49	1491	
1344891053409710081	39706001	5641	5347	0	63	423	3181	4175	
1344891057625059329	1172587656032792576	1865	69	0	140	10	90	250	
1344891057604071430	750720084738445312	3029	54707	0	65	175	328	5215	
1344891057624862720	524332748	4604	1207	0	65	1820	488	50077	
1344891057612447744	1147662004792025089	1934	20878	0	77	720	285	16300	
1344891061823365128	867922703633731584	2706	620	1	90	391	367	6176	
1344891070191001601	996212524746932224	2352	1142	0	24	1238	1839	326	
1344891074385473537	3495338183	3340	22353	0	84	402	219	13045	
1344891074406305792	50913928	5597	2635	0	76	243	226	40682	
1344891078579773441	361041177	4808	5866	0	59	260	217	5637	
1344891082778136576	1208581081584156673	1766	10450	0	88	10	69	2511	
1344891087001956357	333052996	4852	41245	0	42	460	292	53979	
1344891086993428481	1099098651777998854	2068	5013	0	139	164	417	20107	
1344891086976684039	1233018926046629888	1698	6204	0	68	86	74	4552	
1344891095352827910	31210694	5669	53573	0	63	146	344	4443	
1344891099559546882	1185822291222941696	1829	38331	0	95	113	505	48963	
1344891103779180545	1276414277159661568	1579	267	0	27	250	16	104	
1344891107964932097	822441582	4421	7372	0	140	14	136	2945	
1344891116362018817	2929272575	3596	144	4	139	216	164	247729	
1344891124733931522	1955168562	4028	125841	0	104	387	370	35274	
1344891128932392965	1189800435672072192	1818	1041	0	140	28	144	431	
1344891128944885766	913994151552679936	2579	17773	1	90	11	109	845	
1344891137299910657	28741291	5680	6995	0	85	316	464	14292	
1344891137329307648	909062459297734657	2592	39234	1	121	480	548	30941	
1344891141502754816	3331680281	3414	2276	0	29	170	163	6202	
1344891149878628354	618618833	4501	4164	0	140	750	176	68518	
1344891158267236352	1267398028127694848	1604	2735	1	99	268	1484	9033	
1344891162482642944	3960051754	3295	13548	0	139	14593	14214	106950	
1344891162486861826	9144482	6233	12174	0	63	197	159	3750	
1344891166676770816	1271719446189674496	1592	6370	0	91	142	227	3721	
1344891170879655936	1344886877170626560	1390	0	0	92	2	7	1	
1344891170871250944	734954594	4462	9094	0	139	3543	238	139776	
1344891170854473728	1161591097082241024	1896	10560	0	80	90	600	7997	
1344891179264077829	1026916904043257857	2267	182225	0	140	1090	849	23888	
1344891196037074945	1393183068	4192	100266	0	104	1472	885	56534	
1344891200222990337	3424423479	3355	8277	0	95	121	230	9296	
1344891212797362176	1303339742902145024	1504	1062	1	90	2	45	647	
1344891217025359872	165461889	5216	30248	0	102	298	199	15116	
1344891233777442821	333164753	4852	5843	0	70	569	693	33915	
1344891246347571200	2762197844	3711	57934	1	90	676	2294	20548	
1344891258943242240	1078729420058345472	2124	8668	0	62	1	164	1489	
1344891275737260035	864644076599209986	2715	4513	0	140	2014	3365	2079	
1344891279935754245	1162613601846353920	1893	8561	0	49	37	409	2337	
1344891284108951552	1115478986765656064	2023	145610	0	88	406	571	5686	
1344891292493303809	222685969	5071	9100	0	74	290	295	269907	
1344891292493504512	1620411331	4106	115478	0	67	830	1051	95282	
1344891300898721792	2983537766	3568	10309	0	117	217	628	11307	
1344891309287485441	768130675824291840	2981	147568	0	139	1229	4450	38426	
1344891309287477248	1125100148697255940	1996	17978	0	80	27	193	7288	
1344891317671759872	389451127	4758	2369	0	70	804	663	26158	
1344891321882996737	548146455	4580	2790	0	80	78	191	419	
1344891326068711424	972449900259459073	2417	23551	0	78	1284	1318	11787	
